District_name,Total_Hindus,Total_Muslims,Total_Christians,Total_Sikhs,Total_Buddhists,Total_Jains,Other_Religions,Religion_Not_Stated
Kupwara,4.27,94.59,0.2,0.64,0.01,0.0,0.0,0.29
Badgam,1.34,97.65,0.2,0.74,0.01,0.0,0.0,0.06
Leh(Ladakh),17.14,14.28,0.49,0.82,66.4,0.08,0.04,0.75
Kargil,7.34,76.87,0.43,0.83,14.29,0.02,0.0,0.21
Punch,6.84,90.45,0.2,2.35,0.02,0.0,0.0,0.15
Rajouri,34.54,62.71,0.15,2.41,0.03,0.0,0.0,0.15
Kathua,87.61,,0.3,1.55,,0.0,,0.12
Baramula,3.04,95.15,0.15,1.47,0.01,0.0,0.0,0.18
Bandipore,2.15,97.39,0.15,0.14,0.01,0.0,0.0,0.15
Srinagar,3.44,95.19,0.22,0.99,0.02,0.01,0.0,0.13
Ganderbal,1.88,97.69,0.14,0.16,0.01,0.0,0.0,0.12
Pulwama,2.47,95.49,0.2,1.68,0.01,0.0,0.0,0.15
Shupiyan,1.17,98.52,0.16,0.07,0.0,0.0,0.0,0.08
Anantnag,,,0.13,0.57,0.01,,0.0,0.08
Kulgam,1.01,98.49,0.11,0.24,0.01,0.01,0.0,0.14
Doda,45.77,53.82,0.12,0.1,0.01,0.01,0.01,0.18
Ramban,28.56,70.68,0.15,0.27,0.02,0.0,0.09,0.25
Kishtwar,40.72,57.75,0.12,0.2,0.91,0.0,0.22,0.09
Udhampur,88.12,10.77,0.35,0.62,0.02,0.01,0.04,0.07
Reasi,48.91,49.66,0.38,0.99,0.0,0.0,0.0,0.05
Jammu,84.27,7.03,0.79,7.47,0.03,0.13,0.02,0.27
Samba,86.33,7.2,0.72,5.63,0.02,0.01,0.0,0.09
Chamba,92.43,6.25,0.3,0.53,0.34,0.01,0.0,0.14
Kangra,96.76,1.31,0.2,0.59,0.96,0.01,0.01,0.15
Lahul AND Spiti,36.91,0.23,0.67,0.11,62.01,0.01,0.0,0.06
Kullu,94.92,0.68,0.36,0.32,3.51,0.02,0.02,0.17
Mandi,98.16,0.95,0.09,0.41,0.26,0.0,0.01,0.12
Hamirpur,93.61,6.09,0.07,0.05,0.01,0.02,0.02,0.13
Una,92.13,2.74,0.07,4.99,0.01,0.01,0.0,0.04
Bilaspur,95.64,2.13,0.69,0.29,0.1,0.08,0.96,0.12
Solan,94.53,2.53,0.25,2.4,0.1,0.1,0.02,0.07
Sirmaur,89.99,6.27,0.11,2.93,0.5,0.04,0.02,0.14
Shimla,97.23,1.45,0.25,0.5,0.4,0.02,0.02,0.13
Kinnaur,76.95,0.53,,0.3,21.5,,0.05,0.06
Gurdaspur,46.74,1.2,,,0.02,0.03,0.04,0.66
Kapurthala,41.23,1.25,0.67,55.66,0.82,0.07,0.04,0.27
Jalandhar,63.56,1.38,1.19,32.75,0.52,0.18,0.04,0.39
Hoshiarpur,63.07,1.46,0.94,33.92,0.22,0.13,0.03,0.23
Shahid Bhagat Singh Nagar,65.55,1.12,0.24,31.5,0.96,0.11,0.04,0.47
Fatehgarh Sahib,25.47,2.8,0.28,71.23,0.01,0.03,0.04,0.13
Ludhiana,42.94,2.22,0.47,53.26,0.06,0.56,0.04,0.45
Moga,15.91,0.94,0.33,82.24,0.02,0.04,0.04,0.48
Firozpur,44.67,0.34,0.95,53.76,0.02,0.06,0.01,0.19
Muktsar,28.26,0.48,0.19,70.81,0.03,0.08,0.05,0.1
Faridkot,22.89,0.51,0.2,76.08,0.03,0.18,0.02,0.1
Bathinda,27.41,1.17,0.18,70.89,0.02,0.09,0.04,0.2
Mansa,20.34,1.35,0.12,77.75,0.02,0.2,0.06,0.17
Patiala,41.32,2.11,0.3,55.91,0.01,0.1,0.07,0.17
Amritsar,,,2.18,68.94,0.04,0.13,0.04,0.44
Tarn Taran,5.4,0.34,0.54,93.33,0.01,0.06,0.0,0.31
Rupnagar,44.47,2.12,0.31,52.74,0.02,,,0.23
Sahibzada Ajit Singh Nagar,47.88,2.96,0.54,48.15,0.03,0.13,0.02,0.29
Sangrur,23.53,10.82,0.15,65.1,0.02,0.19,0.06,0.14
Barnala,18.95,2.2,0.1,78.54,0.02,0.04,0.08,0.06
Chandigarh,80.78,4.87,0.83,13.11,0.11,0.19,0.02,0.1
Uttarkashi,98.42,1.08,0.11,0.05,0.17,0.02,0.03,0.12
Chamoli,98.52,1.12,0.11,0.08,0.05,0.0,0.01,0.11
Rudraprayag,99.13,0.61,0.07,0.02,0.0,0.0,0.02,0.15
Tehri Garhwal,98.53,1.19,0.11,0.05,0.01,0.01,0.02,0.09
Dehradun,83.98,11.91,0.79,2.15,0.69,0.3,0.01,0.16
Garhwal,96.11,3.34,0.31,0.09,0.01,0.03,0.01,0.11
Pithoragarh,98.28,1.24,0.29,0.05,0.04,0.0,0.01,0.09
Bageshwar,99.08,0.55,0.15,0.02,0.04,0.0,0.01,0.15
Almora,98.19,1.25,0.3,0.04,0.03,0.0,0.0,0.18
Champawat,96.12,3.35,0.34,0.13,0.01,0.01,0.0,0.05
Nainital,84.82,12.65,0.53,1.82,0.06,0.04,0.02,0.06
Udham Singh Nagar,,22.58,0.37,9.87,0.03,0.04,,0.12
Hardwar,64.27,34.28,0.26,0.92,0.04,0.13,0.0,0.1
Panchkula,87.42,4.18,0.46,7.3,0.18,0.29,0.02,0.16
Ambala,84.65,1.96,0.33,12.25,0.03,0.43,0.01,0.34
Yamunanagar,81.12,11.41,0.3,6.96,0.01,0.13,0.01,0.06
Kurukshetra,83.47,1.66,0.2,14.55,0.02,0.04,,
Kaithal,90.71,0.77,0.16,8.15,0.02,0.03,0.01,0.14
Karnal,89.08,2.1,0.14,8.38,0.04,0.1,0.0,0.15
Panipat,89.92,7.19,0.19,2.08,0.02,0.39,0.01,0.21
Sonipat,95.87,3.11,0.1,0.31,0.02,0.42,0.0,0.17
Jind,95.69,1.73,0.07,2.18,0.01,0.19,0.0,0.12
Fatehabad,82.72,0.89,0.11,16.03,0.02,0.12,0.06,0.06
Sirsa,72.6,0.74,0.17,26.17,0.03,0.17,0.05,0.08
Hisar,97.54,1.24,0.11,0.7,0.02,0.21,0.0,0.17
Bhiwani,98.57,0.95,0.05,0.15,0.02,0.06,0.0,0.2
Rohtak,98.37,0.77,0.07,0.37,0.02,0.33,0.0,0.07
Jhajjar,98.67,0.86,0.08,0.11,0.01,0.07,0.0,0.2
Mahendragarh,99.04,0.61,0.03,0.19,0.01,0.07,0.0,0.04
Rewari,98.76,0.63,0.08,0.2,0.02,0.17,0.0,0.14
Gurgaon,93.03,4.68,,1.0,0.06,0.49,,0.09
Mewat,20.37,79.2,0.11,0.05,0.05,0.13,0.0,0.09
Faridabad,87.77,8.93,0.54,1.91,0.04,0.27,0.01,0.53
Palwal,79.25,20.0,0.09,0.38,0.03,0.09,0.0,0.16
North West,87.82,7.97,0.39,2.52,0.06,1.19,0.01,0.05
North,81.81,13.49,0.82,2.15,0.21,1.47,0.01,0.05
North East,68.22,29.34,0.41,0.78,0.11,1.1,0.0,0.05
East,82.54,10.46,0.92,3.1,0.15,2.75,0.02,0.05
New Delhi,87.66,5.97,3.42,2.07,0.22,0.48,0.05,0.14
Central,62.53,33.36,0.61,2.24,0.06,1.01,0.02,0.17
West,82.07,5.89,0.72,10.69,0.08,0.45,0.01,0.1
South West,91.7,4.91,1.36,1.38,0.12,0.4,0.01,0.1
South,78.91,16.32,1.53,2.54,0.14,0.4,0.02,0.12
Ganganagar,72.98,2.57,0.11,24.11,0.05,0.1,0.01,0.07
Hanumangarh,80.75,6.69,0.09,12.23,0.01,0.11,0.01,0.12
Bikaner,87.71,9.97,0.08,0.85,0.01,1.31,0.0,0.07
Churu,87.17,12.24,0.05,0.02,0.01,0.35,0.01,0.15
Jhunjhunun,89.17,10.68,0.05,0.01,0.0,0.03,0.0,0.06
Alwar,82.72,14.9,0.07,1.76,0.12,,0.01,
Bharatpur,84.09,14.57,0.06,0.92,0.04,0.23,0.0,0.1
Dhaulpur,93.45,5.99,0.06,0.11,0.01,0.23,0.0,0.15
Karauli,94.02,5.59,0.04,0.02,0.0,0.23,0.03,0.06
Sawai Madhopur,87.27,11.66,0.07,0.06,0.01,0.75,0.0,0.18
Dausa,96.81,2.78,0.03,0.02,0.01,0.23,0.01,0.12
Jaipur,87.83,10.37,0.19,0.28,0.02,1.22,0.0,0.07
Sikar,87.48,12.24,0.04,0.01,0.01,0.15,0.0,0.07
Nagaur,85.66,13.74,0.06,0.01,0.0,,,0.13
Jodhpur,87.45,11.16,0.16,0.11,0.01,1.0,0.0,0.1
Jaisalmer,74.19,25.1,0.13,0.26,0.01,0.23,0.01,0.07
Barmer,86.22,12.34,0.04,0.02,0.01,1.31,0.0,0.07
Jalor,94.76,4.32,0.04,0.01,0.01,0.8,0.0,0.06
Sirohi,96.16,2.94,0.12,0.06,0.01,0.66,0.01,0.04
Pali,91.8,7.04,0.07,0.08,0.01,0.93,0.0,0.07
Ajmer,85.23,12.16,,0.26,,1.77,0.01,0.14
Tonk,87.49,10.77,0.05,0.03,0.01,1.58,0.0,0.06
Bundi,91.61,6.0,0.06,1.0,0.01,1.21,0.0,0.11
Bhilwara,92.37,5.91,0.08,0.06,0.01,1.46,0.0,0.1
Rajsamand,95.6,2.91,0.07,0.02,0.01,1.29,0.01,0.09
Dungarpur,96.51,2.06,0.06,0.02,0.02,1.16,0.06,0.11
Banswara,94.65,2.72,1.24,0.02,0.01,1.26,0.01,0.1
Chittaurgarh,91.51,6.34,0.08,0.1,0.02,1.67,0.01,0.28
Kota,85.15,12.51,0.29,0.57,0.01,1.32,0.01,0.14
Baran,92.69,6.54,0.12,0.25,0.01,0.23,0.0,0.16
Jhalawar,92.11,6.81,0.06,0.06,0.0,0.88,0.0,0.07
Udaipur,93.53,3.4,0.24,0.14,0.01,2.56,0.01,0.11
Pratapgarh,87.29,11.72,0.1,0.04,0.19,0.36,0.0,0.29
Saharanpur,56.74,41.95,0.19,0.54,0.06,0.29,0.0,0.23
Muzaffarnagar,57.51,41.3,0.16,0.45,0.04,0.39,0.0,0.15
Bijnor,55.18,43.04,0.17,1.37,0.05,0.06,0.0,0.13
Moradabad,52.14,47.12,0.28,0.16,0.03,0.05,0.01,0.22
Rampur,45.97,50.57,0.39,,0.02,0.06,0.0,
Jyotiba Phule Nagar,58.44,40.78,0.32,0.29,0.01,0.03,0.0,0.13
Meerut,63.4,34.43,0.31,0.72,0.05,0.54,0.01,0.54
Baghpat,70.41,27.98,0.14,0.04,0.01,1.24,0.0,0.18
Ghaziabad,72.93,25.35,0.41,0.49,0.07,0.35,0.01,0.39
Gautam Buddha Nagar,84.58,13.08,0.45,0.56,0.05,0.27,0.01,1.0
Bulandshahr,77.37,22.22,0.12,0.08,0.02,0.04,0.0,0.15
Aligarh,79.05,19.85,0.21,0.16,0.07,0.08,0.0,0.58
Mahamaya Nagar,89.3,10.19,0.09,0.03,0.03,0.08,0.0,0.28
Mathura,90.72,8.52,0.12,0.11,0.03,0.08,0.0,0.41
Agra,88.77,9.31,0.23,0.27,0.09,0.49,0.01,0.83
Firozabad,85.69,12.6,0.13,0.07,0.14,0.76,0.0,0.6
Mainpuri,93.48,5.39,0.09,0.03,0.47,0.22,0.0,0.32
Budaun,77.89,21.47,0.17,0.03,0.05,0.02,0.0,0.37
Bareilly,63.64,34.54,0.33,0.63,0.1,0.02,0.01,0.73
Pilibhit,71.34,24.11,0.17,4.17,0.02,0.01,0.0,0.17
Shahjahanpur,80.24,17.55,0.15,1.7,0.08,0.01,0.0,0.26
Kheri,76.55,20.08,0.19,2.35,0.46,0.01,0.01,0.36
Sitapur,79.29,19.93,0.15,,,0.03,0.0,0.28
Hardoi,85.71,13.59,0.14,0.14,0.16,0.01,0.0,0.24
Unnao,87.89,11.69,0.11,0.04,0.03,0.01,0.0,0.22
Lucknow,77.08,21.46,0.45,0.52,0.08,0.11,0.01,0.29
Rae Bareli,87.39,12.13,0.11,0.07,0.02,0.01,0.02,0.25
Farrukhabad,84.67,14.69,0.17,0.17,0.17,0.03,0.01,0.11
Kannauj,83.05,16.54,0.08,0.03,0.12,0.04,0.0,0.14
Etawah,92.17,7.2,0.09,0.07,0.11,0.25,0.01,0.11
Auraiya,92.32,7.39,0.07,0.03,0.02,0.02,0.03,0.12
Kanpur Dehat,89.8,9.82,0.07,0.03,0.05,0.01,0.01,0.22
Kanpur Nagar,82.78,15.73,0.34,0.65,0.06,0.12,0.01,0.31
Jalaun,89.33,10.15,0.07,0.03,0.17,0.02,0.01,0.22
Jhansi,91.26,7.4,0.35,0.25,0.06,0.37,0.02,0.3
Lalitpur,95.27,2.76,0.11,0.08,0.01,1.67,0.0,0.1
Mahoba,93.06,6.56,0.11,0.04,0.01,0.03,0.02,0.17
Banda,91.0,8.76,0.08,0.01,0.01,0.05,0.0,0.08
Chitrakoot,96.33,3.48,0.07,0.01,0.01,0.03,0.0,0.06
Fatehpur,86.4,13.32,0.08,0.02,0.01,0.01,0.0,0.16
Kaushambi,85.8,13.78,0.14,0.03,0.04,,,0.18
Allahabad,85.69,13.38,0.23,0.07,0.07,0.04,0.01,0.51
Bara Banki,76.84,22.61,0.15,0.06,0.05,0.09,0.01,0.2
Faizabad,84.75,14.8,0.13,0.08,0.03,0.01,0.01,0.18
Ambedkar Nagar,82.81,16.75,0.11,0.04,0.08,0.01,0.0,0.21
Sultanpur,82.16,17.13,0.12,0.04,0.26,0.01,0.01,0.27
Bahraich,65.71,33.53,0.18,0.24,0.08,0.03,0.0,0.23
Shrawasti,68.79,30.79,0.13,0.04,0.03,0.01,0.01,0.22
Balrampur,62.05,37.51,0.15,0.04,0.09,0.01,0.0,0.15
Gonda,79.77,19.76,0.14,0.06,0.02,0.01,0.0,0.25
Siddharthnagar,69.93,29.23,0.12,0.03,0.47,0.01,0.01,0.21
Basti,84.52,14.79,0.14,0.04,0.4,0.0,0.0,0.11
Sant Kabir Nagar,75.83,23.58,0.1,0.03,0.26,0.01,0.0,0.2
Mahrajganj,81.83,17.08,0.13,0.05,0.6,0.01,0.01,0.28
Gorakhpur,90.28,9.09,0.22,0.05,0.06,0.01,0.0,0.29
Kushinagar,82.16,17.4,0.14,0.02,0.13,0.01,0.0,0.14
Deoria,88.07,11.56,0.12,0.03,0.04,0.01,0.0,0.18
Azamgarh,84.06,15.58,0.08,0.02,0.12,0.0,0.0,0.13
Mau,80.23,19.43,0.1,0.02,0.03,0.01,0.01,0.19
Ballia,92.73,6.59,0.14,0.03,0.05,0.01,0.0,0.46
Jaunpur,88.59,10.76,0.11,0.03,0.18,0.01,0.0,0.32
Ghazipur,89.32,10.17,0.12,0.02,0.09,0.01,0.01,0.27
Chandauli,88.48,11.01,0.11,0.07,0.02,0.01,0.06,0.24
Varanasi,84.52,14.88,0.21,0.09,0.03,0.05,0.01,0.21
Sant Ravidas Nagar (Bhadohi),86.7,12.92,0.09,0.01,0.1,0.01,0.0,0.17
Mirzapur,91.81,7.84,0.1,0.05,0.01,0.03,0.0,0.16
Sonbhadra,93.35,5.56,0.21,0.09,0.09,0.03,0.1,0.56
Etah,90.79,8.25,0.14,0.04,0.16,0.32,0.0,0.3
Kanshiram Nagar,84.32,14.88,0.14,0.16,0.27,0.02,0.01,0.2
Pashchim Champaran,77.44,21.98,0.22,0.02,0.03,0.01,0.05,0.24
Purba Champaran,80.14,19.42,0.1,0.01,0.02,0.01,0.0,0.31
Sheohar,84.19,15.14,0.08,0.03,0.01,0.01,0.01,0.53
Sitamarhi,78.06,21.62,0.08,0.01,0.01,0.01,0.0,0.22
Madhubani,81.39,18.25,0.07,0.01,0.01,0.01,0.0,0.26
Supaul,81.2,18.36,0.17,0.01,0.01,0.02,0.0,0.23
Araria,56.68,42.95,0.15,0.01,0.01,0.07,0.0,0.14
Kishanganj,31.43,67.98,0.34,0.02,0.01,0.09,0.0,0.13
Purnia,60.94,38.46,0.24,0.02,0.01,0.04,0.02,0.26
Katihar,54.85,44.47,0.28,0.09,0.01,0.02,0.07,0.21
Madhepura,87.61,12.08,0.07,0.01,0.0,0.01,0.0,0.22
Saharsa,85.72,14.03,0.07,0.01,0.0,0.01,0.0,0.16
Darbhanga,77.28,22.39,0.09,0.02,0.01,0.01,0.0,0.21
Muzaffarpur,84.0,15.53,0.11,0.02,0.01,0.01,0.0,0.33
Gopalganj,82.72,17.02,0.1,0.01,0.01,0.01,0.0,0.14
Siwan,81.45,18.26,0.08,0.01,0.01,0.01,0.0,0.17
Saran,89.45,10.28,0.06,0.01,0.01,0.01,0.0,0.18
Vaishali,90.2,9.56,0.06,0.02,0.01,0.01,0.0,0.15
Samastipur,89.18,10.62,0.05,0.01,0.01,0.01,0.0,0.12
Begusarai,85.99,13.71,0.07,0.01,0.01,0.01,0.0,0.19
Khagaria,89.21,10.53,0.08,0.01,0.0,0.01,0.01,0.16
Bhagalpur,81.9,17.68,0.12,0.01,0.01,0.03,0.0,0.25
Banka,87.12,12.33,0.3,0.01,0.01,0.0,0.05,0.18
Munger,91.56,8.07,0.13,0.02,0.01,0.01,0.0,0.19
Lakhisarai,95.55,4.08,0.05,0.01,0.01,0.01,0.01,0.28
Sheikhpura,93.68,5.92,0.05,0.01,0.01,0.01,0.0,0.33
Nalanda,92.78,6.88,0.07,0.01,0.01,0.02,0.0,0.22
Patna,91.74,7.54,0.21,0.08,0.02,0.04,0.0,0.37
Bhojpur,92.3,7.25,0.08,0.02,0.02,0.05,0.0,0.27
Buxar,93.27,6.18,0.12,0.01,0.3,0.01,0.0,0.11
Kaimur (Bhabua),89.54,9.55,0.09,0.02,0.47,0.01,0.09,0.23
Rohtas,89.37,10.15,0.1,0.09,0.05,0.01,0.02,0.21
Aurangabad,77.49,16.41,0.29,0.09,4.96,0.51,0.02,0.24
Gaya,88.27,11.12,0.09,0.02,0.02,0.04,0.0,0.44
Nawada,88.53,11.01,0.06,0.01,0.01,0.01,0.0,0.36
Jamui,86.67,12.36,0.48,0.01,0.01,0.0,0.2,0.27
Jehanabad,92.87,6.73,0.06,0.01,0.02,0.01,0.01,0.29
Arwal,90.48,9.17,0.06,0.01,0.05,0.01,0.01,0.23
North  District,34.05,1.86,6.09,1.87,53.35,0.08,2.11,0.6
West District,55.18,0.71,9.53,0.03,26.67,0.01,7.68,0.19
South District,57.6,1.29,14.61,0.1,23.87,0.03,2.16,0.33
East District,62.74,2.19,8.25,0.3,25.55,0.08,0.61,0.29
Tawang,23.69,1.57,1.55,2.33,69.87,0.14,,
West Kameng,37.24,2.35,10.08,0.39,42.99,0.08,6.62,0.24
East Kameng,15.67,0.83,47.19,0.05,0.57,0.03,35.41,0.24
Papum Pare,32.3,3.48,47.8,0.18,2.7,0.08,12.79,0.68
Upper Subansiri,16.15,0.62,10.52,0.03,0.36,0.01,71.24,1.07
West Siang,14.14,1.98,26.69,0.51,2.95,0.04,53.45,0.24
East Siang,28.07,2.31,18.4,0.07,0.78,0.03,49.78,0.55
Upper Siang,14.9,1.16,15.98,0.08,7.3,0.02,59.36,1.21
Changlang,32.17,1.44,24.27,0.06,33.99,0.06,7.92,0.09
Tirap,18.47,0.99,74.45,0.05,0.69,0.04,4.76,0.56
Lower Subansiri,11.5,1.78,41.43,0.03,0.23,0.02,44.66,0.33
Kurung Kumey,5.28,0.51,55.59,0.05,0.13,0.09,37.1,1.25
Dibang Valley,39.24,1.39,2.79,0.09,1.57,0.02,53.31,1.59
Lower Dibang Valley,53.47,4.15,17.04,0.06,5.42,0.04,19.22,0.61
Lohit,67.95,2.64,7.33,0.14,16.78,0.07,4.99,0.09
Anjaw,61.83,3.09,1.28,1.29,3.04,0.06,28.99,0.41
Mon,3.24,1.38,94.5,0.03,0.5,0.13,0.0,0.23
Mokokchung,5.06,1.06,93.44,0.04,0.23,0.03,0.0,0.15
Zunheboto,1.83,0.55,97.33,0.03,0.2,0.0,0.0,0.05
Wokha,3.37,1.23,95.13,0.02,0.19,0.0,0.01,0.05
Dimapur,28.75,8.24,61.84,0.15,0.34,0.57,0.04,0.08
Phek,2.18,0.58,96.82,0.02,0.21,0.01,0.12,0.05
Tuensang,1.52,0.54,97.59,0.01,0.29,0.0,,
Longleng,1.73,1.26,96.76,0.01,0.15,0.0,0.0,0.09
Kiphire,1.41,0.76,97.03,0.02,0.28,0.0,0.0,0.5
Kohima,9.51,1.64,87.67,0.37,0.57,0.03,0.13,0.08
Peren,4.28,1.94,90.47,0.02,0.48,0.01,2.62,0.18
Senapati,9.15,0.34,89.08,0.03,0.5,0.01,0.26,0.63
Tamenglong,2.13,0.42,95.81,0.04,0.3,0.04,0.81,0.44
Churachandpur,4.39,1.05,93.01,0.06,0.18,0.03,0.85,0.43
Bishnupur,73.76,7.87,1.8,0.02,0.03,0.01,16.2,0.31
Thoubal,63.28,25.42,1.02,0.03,0.03,0.01,10.03,0.19
Imphal West,74.81,4.69,4.51,0.11,,0.24,,0.39
Imphal East,60.27,17.58,6.0,0.04,0.14,0.01,15.53,0.43
Ukhrul,4.1,0.61,94.63,0.06,0.35,0.04,0.02,0.2
Chandel,7.5,2.14,89.5,0.09,0.28,0.04,0.25,0.2
Mamit,3.46,2.06,80.01,0.02,14.27,0.03,0.02,0.12
Kolasib,4.76,5.27,89.58,0.02,0.13,0.0,0.05,0.18
Aizawl,3.31,1.31,94.71,,0.39,0.02,,0.1
Champhai,0.85,0.56,98.17,0.01,0.12,0.04,0.15,0.1
Serchhip,1.53,0.52,97.7,0.01,0.09,0.01,0.05,0.09
Lunglei,3.24,0.8,78.75,0.05,17.06,0.06,0.0,0.04
Lawngtlai,1.41,0.44,54.19,0.04,43.72,0.1,0.0,0.07
Saiha,,0.91,97.18,,0.18,0.01,0.0,0.05
West Tripura,87.66,8.85,3.11,0.03,0.12,0.02,0.02,0.18
South Tripura,84.02,5.62,4.48,0.03,5.64,0.01,0.09,0.1
Dhalai,81.2,2.18,6.07,0.05,10.34,0.02,0.05,0.09
North Tripura,73.2,15.24,6.35,0.02,5.0,0.04,0.01,0.13
West Garo Hills,19.11,16.6,60.62,0.03,0.53,0.02,2.63,0.45
East Garo Hills,5.43,1.06,91.13,0.02,0.32,0.01,1.77,0.27
South Garo Hills,4.94,0.74,93.43,0.02,0.23,0.01,0.25,0.37
West Khasi Hills,1.69,0.4,95.68,0.02,,,1.53,0.33
Ribhoi,11.96,0.71,84.42,0.06,0.17,0.02,2.44,0.23
East Khasi Hills,17.55,1.72,65.79,0.3,0.38,0.04,14.0,0.23
Jaintia Hills,3.15,0.42,68.74,0.01,0.07,0.01,27.22,0.38
Kokrajhar,59.64,28.44,11.4,0.01,0.19,0.04,0.01,0.27
Dhubri,19.92,79.67,0.21,0.01,0.01,0.09,0.0,0.08
Goalpara,34.51,57.52,7.72,0.08,0.02,0.05,0.01,0.1
Barpeta,29.11,70.74,0.06,0.01,0.0,0.02,0.0,0.06
Morigaon,47.2,52.56,0.09,0.01,0.01,0.03,0.0,0.11
Nagaon,43.39,55.36,0.95,0.11,0.04,0.04,0.0,0.11
Sonitpur,73.95,18.22,7.18,0.07,0.26,0.05,0.01,0.26
Lakhimpur,76.49,18.57,4.43,0.04,0.1,0.02,0.23,0.11
Dhemaji,95.47,1.96,1.27,0.04,0.13,0.02,0.92,0.18
Tinsukia,88.96,3.64,5.79,0.15,1.22,0.06,0.03,0.14
Dibrugarh,90.35,4.86,3.99,0.17,0.35,0.08,0.0,0.18
Sivasagar,87.51,8.3,2.88,0.08,0.34,0.02,0.74,0.12
Jorhat,92.31,,,0.14,0.22,0.07,0.05,0.28
Golaghat,85.99,8.46,4.74,0.11,0.36,0.05,0.13,0.16
Karbi Anglong,80.1,2.12,16.5,0.04,0.65,0.04,0.37,0.17
Dima Hasao,67.07,2.04,29.57,0.1,0.32,0.03,0.55,0.33
Cachar,59.83,37.71,,0.02,0.02,0.1,,0.16
Karimganj,42.48,56.36,0.98,0.01,0.04,0.04,0.01,0.09
Hailakandi,38.1,60.31,1.29,0.01,0.07,0.04,0.1,0.08
Bongaigaon,48.61,50.22,0.8,0.05,0.03,0.12,0.0,0.16
Chirang,66.5,22.66,10.32,0.02,0.08,0.03,0.1,0.29
Kamrup,57.82,39.66,2.19,0.02,0.01,0.09,0.0,0.2
Kamrup Metropolitan,84.89,12.05,1.5,0.29,0.13,0.74,0.01,0.39
Nalbari,63.71,35.96,0.06,0.01,0.0,0.13,0.0,0.13
Baksa,82.4,14.29,2.85,0.02,0.13,0.03,0.04,0.25
Darrang,35.25,64.34,0.18,0.05,0.01,0.08,0.0,0.09
Udalguri,73.64,12.66,13.25,,0.2,,0.03,0.18
Darjiling,74.0,5.69,7.68,0.11,11.33,0.1,0.84,0.25
Jalpaiguri,81.51,11.51,4.81,0.08,1.31,0.04,0.61,0.13
Koch Bihar,74.06,25.54,0.15,0.02,0.02,0.07,0.01,0.15
Uttar Dinajpur,49.31,49.92,0.56,0.02,0.01,0.04,0.05,0.08
Dakshin Dinajpur,73.55,24.63,1.48,0.02,0.01,0.02,0.17,0.14
Maldah,47.99,51.27,0.33,0.02,0.01,0.02,0.2,0.16
Murshidabad,33.21,66.27,0.25,0.01,0.0,0.04,0.1,0.11
Birbhum,62.29,37.06,0.31,0.02,0.01,0.03,0.17,0.11
Barddhaman,77.85,20.73,0.27,0.22,0.02,0.02,0.58,0.3
Nadia,72.15,26.76,0.65,0.02,0.01,0.01,0.33,0.08
North Twenty Four Parganas,73.46,25.82,0.27,0.09,0.06,0.04,0.03,0.23
Hugli,82.89,15.77,0.13,0.05,0.03,0.04,0.89,0.21
Bankura,84.34,8.08,0.11,0.01,0.01,0.08,7.25,0.13
Puruliya,80.99,7.76,0.3,0.02,0.01,0.1,10.55,0.28
Haora,72.9,26.2,0.18,0.09,0.03,0.2,0.03,0.38
Kolkata,76.51,20.6,0.88,0.31,0.11,0.47,0.03,1.09
South Twenty Four Parganas,63.17,35.57,0.81,0.03,0.03,0.01,0.07,0.3
Paschim Medinipur,85.52,10.49,0.39,0.05,0.03,0.03,3.12,0.37
Purba Medinipur,85.24,14.59,0.05,0.01,0.01,0.01,0.01,0.08
Garhwa,83.5,14.72,1.3,0.01,0.03,0.0,0.35,0.1
Chatra,86.6,11.19,0.63,0.09,0.0,0.01,1.24,0.23
Kodarma,84.49,14.94,0.17,0.13,0.0,0.14,0.04,0.09
Giridih,75.9,20.8,0.6,0.04,0.03,0.06,2.42,0.15
Deoghar,78.09,20.28,0.4,0.01,0.01,0.02,1.08,0.11
Godda,71.34,22.02,2.88,0.01,0.01,0.01,3.58,0.16
Sahibganj,54.59,34.61,7.23,0.02,0.02,0.01,3.34,0.18
Pakur,45.55,35.87,8.43,0.04,0.03,0.02,9.86,0.21
Dhanbad,80.07,16.08,0.42,0.36,0.01,0.05,2.88,0.13
Bokaro,79.35,11.71,0.67,0.2,0.09,0.1,7.78,0.1
Lohardaga,24.34,20.57,3.63,0.01,0.01,0.0,51.1,0.33
Purbi Singhbhum,67.58,8.89,1.32,1.68,0.04,0.07,20.29,0.14
Palamu,86.77,12.28,0.32,0.04,0.01,0.01,0.29,0.28
Latehar,65.07,9.6,6.55,0.02,0.02,0.0,18.37,0.37
Hazaribagh,80.56,16.21,0.99,0.08,0.0,0.1,1.97,0.1
Ramgarh,81.55,13.59,0.76,0.54,0.01,0.06,3.41,0.09
Dumka,79.06,8.09,6.54,0.02,0.02,0.01,5.95,0.31
Jamtara,69.6,20.78,0.56,0.07,,,8.67,0.21
Ranchi,55.32,14.09,6.66,0.17,0.03,0.09,23.25,0.39
Khunti,26.11,2.47,25.65,0.01,0.05,0.03,45.37,0.32
Gumla,30.19,5.02,19.75,0.02,0.05,0.0,44.62,0.34
Simdega,33.61,2.52,51.14,0.01,0.13,0.02,12.33,0.25
Pashchimi Singhbhum,28.22,2.54,5.83,0.06,0.03,0.0,62.96,0.36
Saraikela-Kharsawan,66.57,5.97,0.76,0.1,0.02,0.01,26.33,0.23
Bargarh,98.5,0.51,0.79,0.04,0.01,0.01,0.0,0.13
Jharsuguda,95.53,2.21,1.81,0.25,0.01,0.01,0.01,0.18
Sambalpur,92.61,1.93,4.86,0.24,0.03,0.01,0.11,0.21
Debagarh,94.71,0.23,4.65,0.02,0.03,0.0,0.13,0.23
Sundargarh,73.2,3.41,18.39,0.27,0.03,0.03,4.3,0.36
Kendujhar,97.28,1.54,0.51,0.12,0.01,0.01,0.41,0.13
Mayurbhanj,83.86,1.34,0.6,0.03,0.01,0.0,13.96,0.21
Baleshwar,94.71,4.06,0.28,0.01,0.0,0.01,0.79,0.14
Bhadrak,92.84,6.92,0.05,0.01,0.01,0.01,0.0,0.16
Kendrapara,96.28,3.49,0.1,0.01,0.0,0.0,0.0,0.11
Jagatsinghapur,95.53,4.13,0.14,0.02,0.01,0.01,0.01,0.17
Cuttack,93.65,5.38,0.46,0.04,0.24,0.04,0.01,0.18
Jajapur,94.44,5.12,0.09,0.03,0.0,0.01,0.17,0.14
Dhenkanal,99.39,0.4,0.06,0.01,0.03,0.0,0.01,0.09
Anugul,98.81,0.59,0.27,0.06,0.02,0.0,0.08,0.17
Nayagarh,99.27,0.55,0.04,0.01,0.0,0.0,0.0,0.12
Khordha,95.38,3.73,0.56,0.06,0.02,0.02,0.02,0.21
Puri,,2.71,0.25,0.01,0.01,,0.02,0.16
Ganjam,98.78,0.38,0.68,0.02,0.0,0.0,0.0,0.13
Gajapati,61.12,0.27,37.98,0.01,0.38,0.01,0.0,0.23
Kandhamal,79.16,0.29,20.31,0.01,0.04,0.01,0.0,0.18
Baudh,99.32,0.23,0.12,0.01,0.0,0.0,0.0,0.33
Subarnapur,99.19,0.26,0.39,0.01,0.01,0.0,0.0,0.15
Balangir,98.13,0.47,0.99,0.03,0.03,0.13,0.01,0.2
Nuapada,98.48,0.81,0.29,0.12,0.01,0.15,0.0,0.14
Kalahandi,98.64,0.32,0.71,0.05,0.01,0.08,0.01,0.19
Rayagada,90.34,0.48,8.77,0.02,0.03,0.01,0.0,0.34
Nabarangapur,96.48,0.55,2.63,0.01,0.02,0.03,0.0,0.27
Koraput,93.8,0.64,4.97,0.04,0.02,0.04,0.25,0.25
Malkangiri,97.88,0.31,1.64,0.03,0.01,0.03,0.01,0.09
Koriya,91.7,3.93,1.43,0.21,0.01,0.18,2.35,0.19
Surguja,90.1,3.45,4.13,0.1,0.05,0.03,2.05,0.1
Jashpur,73.91,1.8,22.26,0.06,0.05,0.08,1.74,0.09
Raigarh,88.72,5.93,1.58,0.23,2.97,0.31,0.07,0.2
Korba,93.91,2.5,1.75,0.3,0.07,0.06,1.3,0.1
Janjgir - Champa,98.6,0.88,0.18,0.04,0.03,0.04,0.14,0.09
Kabeerdham,94.35,1.48,0.12,0.11,0.05,0.14,3.67,0.07
Rajnandgaon,91.06,1.54,0.34,0.24,1.86,0.53,4.39,0.05
Durg,93.6,2.5,0.73,0.73,0.59,0.51,1.27,0.08
Raipur,95.51,2.54,0.57,0.41,0.21,0.42,0.26,0.08
Mahasamund,97.61,1.22,0.51,0.28,0.05,0.14,0.14,0.05
Dhamtari,97.18,1.3,0.33,0.15,0.08,0.45,0.46,0.05
Uttar Bastar Kanker,83.78,0.81,0.54,0.07,0.3,0.14,14.14,0.23
Bastar,90.43,0.88,1.98,0.15,0.07,0.25,6.15,0.1
Narayanpur,92.38,0.55,0.43,0.07,0.05,0.29,6.11,0.12
Dakshin Bastar Dantewada,96.3,1.21,0.92,0.09,0.07,0.2,1.14,0.09
Bijapur,83.53,0.07,0.21,0.0,0.08,0.36,0.16,0.35
Sheopur,92.85,6.02,0.03,0.93,0.03,0.06,0.01,0.08
Morena,95.4,3.87,0.06,0.03,0.16,0.34,0.0,0.14
Bhind,93.68,3.92,0.06,0.24,0.72,1.17,0.0,0.21
Gwalior,90.32,6.98,0.2,1.22,0.21,0.89,0.01,0.17
Datia,95.04,3.62,0.09,,,0.06,0.0,0.13
Shivpuri,95.52,2.97,0.06,0.41,0.2,0.71,0.0,0.13
Tikamgarh,95.73,3.05,0.04,0.02,0.01,1.08,0.0,0.07
Chhatarpur,95.15,3.99,0.11,0.05,0.01,0.59,0.01,0.08
Panna,,3.46,0.04,0.02,,0.47,0.02,0.09
Sagar,92.43,4.35,0.23,0.17,0.04,2.65,0.01,0.12
Damoh,93.85,3.79,0.13,0.09,0.01,1.98,0.01,0.15
Satna,96.85,2.67,0.1,0.05,0.02,0.14,0.08,0.1
Rewa,95.93,3.61,0.08,0.04,0.04,0.03,0.01,0.26
Umaria,96.24,2.48,0.1,0.03,0.01,0.03,0.93,0.17
Neemuch,89.74,8.15,0.18,0.13,0.03,1.71,0.01,0.04
Mandsaur,88.97,9.37,0.08,0.06,0.02,1.42,0.01,0.07
Ratlam,87.08,10.38,0.27,0.09,0.01,2.02,0.01,0.13
Ujjain,86.48,11.73,0.23,0.16,0.05,1.24,0.01,0.09
Shajapur,87.33,11.55,0.05,0.04,0.01,0.91,0.0,0.1
Dewas,88.03,11.14,0.15,0.15,0.02,0.42,0.0,0.08
Dhar,93.84,5.32,0.1,0.07,0.02,0.56,0.0,0.09
Indore,83.26,12.67,0.57,0.78,0.35,2.19,0.02,0.16
Khargone (West Nimar),92.12,7.21,0.11,0.15,0.02,0.32,0.0,0.06
Barwani,95.16,4.2,0.21,0.17,0.03,0.17,0.02,0.04
Rajgarh,92.76,6.92,0.08,0.03,0.01,0.1,0.0,0.1
Vidisha,88.25,10.25,0.09,0.06,0.02,1.27,0.0,0.06
Bhopal,74.05,22.16,0.99,0.46,0.91,1.09,0.01,0.32
Sehore,88.73,10.52,0.11,0.05,0.03,0.48,0.01,0.08
Raisen,89.76,9.04,0.13,0.17,0.02,0.8,0.01,0.07
Betul,95.58,2.39,0.21,0.07,0.61,0.24,0.83,0.08
Harda,92.46,6.77,0.12,0.12,0.02,0.28,0.01,0.22
Hoshangabad,94.67,4.21,0.36,0.25,0.12,0.31,0.01,0.06
Katni,96.02,2.88,0.24,0.09,0.01,0.41,0.2,0.13
Jabalpur,87.65,8.27,0.94,0.54,0.18,1.37,0.85,0.21
Narsimhapur,95.13,3.58,0.08,0.09,0.02,0.74,0.26,0.09
Dindori,85.94,0.96,0.6,0.04,0.01,0.1,11.92,0.44
Mandla,80.53,1.57,1.18,0.04,0.03,0.17,16.17,0.32
Chhindwara,92.01,4.82,0.23,0.11,1.17,0.37,1.23,0.05
Seoni,83.03,5.78,0.13,0.03,0.53,0.36,9.81,0.33
Balaghat,89.29,2.26,0.31,0.06,4.24,0.28,3.41,0.14
Guna,94.42,3.96,0.1,0.26,0.04,1.09,0.0,0.12
Ashoknagar,92.09,4.82,0.08,0.95,0.16,1.79,0.0,0.12
Shahdol,93.53,3.98,0.22,0.09,0.03,0.16,1.82,0.17
Anuppur,91.63,2.87,0.28,0.08,0.01,0.22,4.73,0.18
Sidhi,95.61,3.05,0.05,0.01,0.01,0.01,1.11,0.15
Singrauli,94.97,3.95,0.2,0.12,0.03,0.02,0.52,0.19
Jhabua,93.74,1.53,3.75,0.01,0.01,0.87,0.04,0.05
Alirajpur,96.72,2.42,0.63,0.01,0.0,0.11,0.04,0.07
Khandwa (East Nimar),90.25,8.88,0.21,0.13,0.11,0.29,0.01,0.11
Burhanpur,72.91,23.86,0.16,0.14,2.62,0.25,0.01,0.05
Kachchh,76.89,21.14,0.3,0.3,0.02,1.21,0.0,0.13
Banas Kantha,92.62,6.84,0.05,0.02,0.01,0.41,0.0,0.05
Patan,88.91,10.63,0.07,0.03,0.0,0.27,0.0,0.09
Mahesana,92.66,6.7,0.1,0.05,0.01,0.35,0.0,0.13
Sabar Kantha,93.08,6.12,0.26,0.03,0.01,0.46,0.0,0.05
Gandhinagar,94.81,4.12,0.23,0.14,0.04,0.46,0.01,0.19
Ahmadabad,83.76,12.24,0.7,0.2,0.06,2.9,0.03,0.1
Surendranagar,92.26,6.25,0.08,0.03,0.02,1.31,0.01,0.05
Rajkot,89.3,9.5,0.14,0.05,0.03,0.88,0.01,0.09
Jamnagar,83.81,14.85,0.2,0.09,0.05,0.87,0.01,0.12
Porbandar,93.9,5.73,0.09,0.04,0.02,0.09,0.01,0.13
Junagadh,87.39,12.21,0.09,,0.05,0.14,0.0,
Amreli,93.15,6.55,0.06,0.03,0.02,0.14,0.0,0.06
Bhavnagar,91.4,7.39,0.12,0.05,0.02,0.94,0.0,0.09
Anand,85.95,11.99,1.42,0.07,0.01,0.41,0.01,0.13
Kheda,87.0,11.5,1.16,0.06,0.01,0.15,0.0,0.11
Panch Mahals,92.9,6.63,0.12,0.03,0.01,0.22,0.01,0.09
Dohad,96.15,3.12,0.47,0.02,0.01,0.16,0.01,0.07
Vadodara,89.16,9.23,0.57,0.22,0.05,0.66,0.03,0.07
Narmada,94.84,3.83,0.75,0.02,0.01,0.06,0.35,0.13
Bharuch,76.61,22.15,0.61,0.11,0.03,0.31,0.02,0.16
The Dangs,89.16,1.57,8.77,0.03,0.01,0.02,0.25,0.19
Navsari,92.13,5.92,0.43,0.18,0.05,1.01,0.21,0.07
Valsad,92.11,5.51,1.15,0.09,0.05,0.81,0.08,0.18
Surat,86.5,10.87,0.35,0.09,0.21,1.86,0.06,0.06
Tapi,89.95,2.76,6.56,0.03,0.18,0.23,0.05,0.24
Diu,93.35,6.13,0.39,0.01,0.0,0.08,0.0,0.04
Daman,89.73,8.41,1.37,0.09,0.11,0.13,0.04,0.12
Dadra AND Nagar Haveli,93.93,3.76,1.49,0.06,0.18,0.35,0.09,0.14
Nandurbar,92.31,5.84,0.51,0.04,0.3,0.38,0.18,0.44
Dhule,89.01,9.16,0.18,0.07,0.65,0.63,0.04,0.26
Jalgaon,81.74,13.25,0.17,0.07,3.4,0.65,0.23,0.49
Buldana,71.35,13.7,0.14,0.06,14.08,0.47,0.02,0.17
Akola,61.07,19.7,0.25,0.08,18.08,0.56,0.02,0.23
Washim,71.83,11.92,0.14,0.04,14.98,0.71,0.03,0.34
Amravati,71.15,14.59,0.25,0.08,13.29,0.39,0.11,0.13
Wardha,81.27,4.14,0.21,0.17,13.49,0.44,0.17,0.13
Nagpur,75.04,8.4,0.74,0.44,14.36,0.53,0.26,0.23
Bhandara,84.09,2.21,0.18,0.07,12.87,0.08,0.3,0.21
Gondiya,87.25,1.98,0.14,0.16,9.47,0.12,0.38,0.5
Gadchiroli,86.44,1.96,0.36,0.06,7.71,0.04,2.8,0.63
Chandrapur,80.75,4.19,0.49,0.24,13.01,0.18,1.05,0.1
Yavatmal,81.21,8.63,0.16,0.06,9.01,0.41,0.14,0.38
Nanded,74.43,14.04,0.12,0.4,10.54,0.15,0.04,0.29
Hingoli,73.32,10.83,0.08,0.05,15.01,0.45,0.01,0.25
Parbhani,72.35,16.69,0.11,0.07,10.23,0.34,0.01,0.19
Jalna,76.8,14.0,0.64,0.08,7.79,0.49,0.02,0.18
Nashik,85.75,11.35,0.39,0.15,1.55,0.63,0.03,0.16
Thane,78.81,12.26,2.54,0.35,4.07,1.56,0.09,0.34
Mumbai Suburban,67.73,19.19,3.45,0.51,5.02,3.67,0.2,0.24
Mumbai,60.73,25.06,2.74,0.44,4.35,5.38,1.01,0.29
Pune,85.8,7.14,1.42,0.29,3.61,1.36,0.1,0.28
Ahmadnagar,90.4,7.06,0.5,0.12,0.75,0.85,0.03,0.29
Bid,84.12,12.39,0.08,0.03,2.65,0.34,0.02,0.37
Latur,81.78,14.98,0.1,0.04,2.71,0.26,0.01,0.12
Osmanabad,86.73,10.79,0.06,0.02,1.7,0.27,0.01,0.41
Solapur,87.9,10.22,0.23,0.03,0.82,0.65,0.01,0.13
Satara,89.62,4.89,0.15,0.04,4.7,0.43,0.02,0.15
Ratnagiri,80.94,11.59,0.12,0.01,7.03,0.21,0.01,0.09
Sindhudurg,91.85,3.09,1.82,0.03,2.91,0.12,0.01,0.17
Kolhapur,87.2,7.39,0.4,0.04,0.77,4.0,0.03,0.17
Sangli,86.47,8.49,0.32,0.04,1.35,3.1,0.03,0.19
Adilabad,87.55,10.07,,0.05,0.93,0.02,0.01,
Nizamabad,83.23,15.35,0.77,0.09,0.07,0.02,0.01,0.46
Karimnagar,92.45,6.48,0.66,0.06,0.01,0.01,0.0,0.33
Medak,86.95,11.29,1.13,0.04,0.02,0.02,0.01,0.55
Hyderabad,51.89,43.45,2.22,0.29,0.03,0.5,0.05,1.58
Rangareddy,84.18,11.66,2.72,0.15,0.04,0.07,0.03,1.15
Mahbubnagar,90.63,8.24,0.53,0.02,0.01,0.01,0.01,0.55
Nalgonda,93.13,5.41,1.0,0.03,0.01,0.01,0.0,0.41
Warangal,93.2,5.62,0.89,0.04,0.01,0.02,0.0,0.22
Khammam,92.78,5.68,1.2,0.02,0.01,0.02,0.02,0.28
Srikakulam,98.66,0.33,0.7,0.01,0.0,0.01,0.0,0.29
Vizianagaram,98.07,0.7,0.76,0.02,0.0,0.03,0.01,0.41
Visakhapatnam,95.68,2.01,1.81,0.05,0.02,0.05,0.01,0.36
East Godavari,96.68,1.51,1.51,0.01,0.01,0.08,0.01,0.19
West Godavari,94.82,2.19,2.77,0.01,0.01,0.04,0.01,0.16
Krishna,89.07,6.8,3.22,0.03,0.02,0.14,0.02,0.7
Guntur,86.29,11.45,1.84,0.02,0.01,0.07,0.01,0.33
Prakasam,92.72,6.49,0.55,0.01,0.0,0.01,0.01,0.21
Sri Potti Sriramulu Nellore,89.07,9.73,0.88,0.02,0.01,0.09,0.0,0.19
Y.S.R.,82.96,15.75,0.81,0.01,0.0,0.03,0.01,0.43
Kurnool,82.11,16.55,0.82,0.02,0.01,0.06,0.01,0.43
Anantapur,88.2,10.87,0.5,0.02,0.01,0.03,0.01,0.36
Chittoor,89.54,9.53,0.58,0.02,0.01,0.03,0.01,0.28
Belgaum,84.49,11.06,0.39,0.04,0.02,3.73,0.0,0.27
Bagalkot,86.48,11.64,0.18,0.02,0.02,1.33,0.01,0.31
Bidar,75.72,19.68,2.08,0.07,1.79,0.04,0.03,0.6
Raichur,84.72,14.1,0.54,0.03,0.12,0.22,0.0,0.28
Koppal,87.63,11.64,0.29,0.02,0.01,0.21,0.03,0.17
Gadag,85.27,13.5,0.32,0.02,0.01,0.56,0.01,0.31
Dharwad,,,,,,,,
Uttara Kannada,82.61,13.08,3.1,0.02,0.89,0.25,0.0,0.04
Haveri,80.23,18.65,0.15,0.03,0.0,0.62,0.04,0.28
Bellary,85.77,13.08,0.57,0.04,0.01,0.33,0.0,0.19
Chitradurga,91.63,7.76,0.19,0.02,0.01,0.23,0.01,0.16
Davanagere,85.25,13.66,0.28,0.02,0.01,0.33,0.09,0.37
Shimoga,84.41,13.39,1.51,0.02,0.01,0.53,0.02,0.12
Udupi,85.72,8.22,5.59,0.02,0.01,0.39,0.01,0.04
Chikmagalur,88.28,8.9,2.28,0.02,0.01,0.41,0.0,0.1
Tumkur,90.1,9.18,0.34,0.02,0.01,0.19,0.01,0.16
Bangalore,80.29,12.97,5.25,0.14,0.06,0.86,0.01,0.43
Mandya,94.85,4.31,0.47,0.02,0.02,0.2,0.01,0.13
Hassan,91.8,6.76,0.88,0.02,0.04,0.33,0.0,0.18
Dakshina Kannada,67.18,24.02,8.2,0.03,0.02,0.5,0.01,0.05
Kodagu,80.97,15.74,3.09,0.03,0.02,0.05,0.04,0.07
Mysore,87.7,9.68,1.31,0.04,0.54,0.48,0.02,0.23
Chamarajanagar,92.29,4.62,2.17,0.01,0.48,0.07,0.01,0.33
Gulbarga,78.36,19.99,0.33,0.03,0.37,0.19,0.01,0.71
Yadgir,84.99,13.23,0.74,0.03,0.68,0.13,0.08,0.12
Kolar,84.97,13.01,1.74,0.02,0.01,0.16,0.01,0.09
Chikkaballapura,87.65,11.78,0.37,0.02,0.01,0.08,0.01,0.09
Bangalore Rural,89.86,9.31,0.54,0.04,0.03,0.11,0.01,0.11
Ramanagara,88.6,10.56,0.59,0.04,0.01,0.08,0.01,0.12
North Goa,76.06,7.08,16.4,0.08,0.07,0.07,0.02,0.22
South Goa,53.34,9.93,36.21,0.13,0.08,0.09,0.01,0.19
Lakshadweep,2.77,96.58,0.49,0.01,0.02,0.02,0.01,0.1
Kasaragod,55.84,37.24,6.69,0.01,0.03,0.01,0.01,0.17
Kannur,59.83,29.43,10.41,0.02,0.04,0.01,0.03,0.24
Wayanad,49.48,28.65,21.34,0.01,0.04,0.22,0.03,0.23
Kozhikode,56.21,39.24,4.26,0.01,0.01,0.02,0.02,0.23
Malappuram,27.6,70.24,1.98,0.0,0.0,0.0,0.01,0.15
Palakkad,66.76,28.93,4.07,0.01,0.01,0.0,0.01,0.2
Thrissur,58.42,17.07,24.27,0.01,0.01,0.0,0.02,0.2
Ernakulam,45.99,15.67,38.03,0.03,0.02,0.04,0.03,0.2
Idukki,48.86,7.41,43.42,0.01,0.02,0.0,0.03,0.24
Kottayam,49.81,6.41,43.48,0.01,0.02,0.0,0.03,0.23
Alappuzha,68.64,10.55,20.45,0.01,0.01,0.0,0.01,0.33
Pathanamthitta,56.93,4.6,38.12,0.01,0.01,0.0,0.02,0.31
Kollam,64.42,19.3,16.0,0.01,0.01,0.0,0.02,0.25
Thiruvananthapuram,66.46,13.72,19.1,0.01,0.01,0.0,0.03,0.67
Thiruvallur,89.21,3.84,6.27,0.04,0.03,0.1,0.01,0.51
Chennai,80.73,9.45,7.72,0.06,0.06,1.11,0.04,0.83
Kancheepuram,88.47,4.35,6.42,0.04,0.02,0.12,0.02,0.55
Vellore,86.32,10.54,2.83,0.02,0.01,0.09,0.01,0.19
Tiruvannamalai,93.08,3.72,2.72,0.01,0.01,0.32,0.0,0.14
Viluppuram,91.79,3.87,4.0,0.01,0.01,0.12,0.01,0.2
Salem,95.53,2.74,1.55,0.01,0.0,0.03,0.01,0.13
Namakkal,96.93,1.88,0.98,0.01,0.01,0.0,0.01,0.17
Erode,93.95,3.38,2.48,0.02,0.01,0.03,0.01,0.13
The Nilgiris,77.44,10.67,11.51,0.05,0.05,0.12,0.01,0.15
Dindigul,87.02,4.86,7.87,0.01,0.01,0.0,0.01,0.21
Karur,93.35,5.01,1.55,0.01,0.0,0.0,0.01,0.08
Tiruchirappalli,83.73,7.01,,0.01,0.01,,0.01,0.16
Perambalur,92.29,5.79,1.82,0.01,0.01,0.01,0.0,0.07
Ariyalur,93.84,1.05,4.95,0.01,0.01,0.01,0.01,0.11
Cuddalore,91.78,4.75,3.2,0.02,0.01,0.05,0.01,0.2
Nagapattinam,88.78,7.96,2.94,0.01,0.03,0.06,0.01,0.21
Thiruvarur,89.6,7.6,2.63,0.02,0.01,0.02,0.01,0.12
Thanjavur,86.28,7.93,5.57,0.01,0.03,0.05,0.01,0.12
Pudukkottai,88.29,7.06,4.5,0.01,0.01,0.0,0.02,0.12
Sivaganga,88.57,5.55,5.64,0.01,0.01,0.01,0.0,0.21
Madurai,90.86,5.56,3.22,0.02,0.01,0.05,0.01,0.28
Theni,92.22,4.56,3.02,0.01,0.01,0.0,0.01,0.18
Virudhunagar,93.84,2.46,3.47,0.01,0.0,0.01,0.0,0.2
Ramanathapuram,77.39,15.37,6.73,0.01,0.01,0.0,0.0,0.48
Thoothukkudi,78.5,4.61,16.68,0.01,0.02,0.0,0.01,0.17
Tirunelveli,78.83,9.86,,0.01,,0.0,0.01,0.15
Kanniyakumari,48.65,4.2,46.85,0.01,0.02,0.01,0.0,0.26
Dharmapuri,96.42,2.54,0.94,0.01,0.0,0.0,0.01,0.08
Krishnagiri,91.7,6.13,1.91,0.02,0.01,0.02,0.01,0.19
Coimbatore,88.03,6.1,5.5,0.03,0.01,0.09,0.01,0.22
Tiruppur,91.92,5.0,2.82,0.02,0.01,0.01,0.0,0.2
Yanam,96.24,2.14,1.57,0.01,0.0,0.01,0.01,0.02
PONDICHERRY,90.0,3.44,6.14,0.03,0.04,0.14,0.02,0.2
Mahe,66.82,30.74,2.29,0.01,0.05,0.03,0.01,0.05
Karaikal,76.23,14.4,9.19,0.02,0.03,0.03,0.01,0.09
Nicobars,23.56,3.63,70.78,0.93,0.32,0.0,0.67,0.1
North  AND Middle Andaman,76.86,2.05,20.71,0.07,0.08,0.0,0.04,0.18
South Andaman,73.26,12.14,13.87,0.36,0.06,0.01,0.11,0.19
